[gd_scene format=3 uid="uid://n408x8i2cl2s"]

[ext_resource type="PackedScene" uid="uid://bh671ucog6dlf" path="res://assets/teknostallen_only.blend" id="1_ig7tw"]
[ext_resource type="PackedScene" uid="uid://0o0d2gt3mul" path="res://rigidbody_character_3d/player/cubio.tscn" id="2_0xm2m"]
[ext_resource type="Script" uid="uid://bqer3n2deoy80" path="res://camera_3d.gd" id="2_1bvp3"]
[ext_resource type="PackedScene" uid="uid://0h5d7w40ymms" path="res://assets/pingvin.blend" id="3_h2yge"]
[ext_resource type="Script" uid="uid://dsw8lyceo0xw7" path="res://rigidbody_character_3d/player/wasd_movement.gd" id="4_lquwl"]

[sub_resource type="ProceduralSkyMaterial" id="ProceduralSkyMaterial_ig7tw"]

[sub_resource type="Sky" id="Sky_0xm2m"]
sky_material = SubResource("ProceduralSkyMaterial_ig7tw")

[sub_resource type="Environment" id="Environment_h2yge"]
background_mode = 2
background_energy_multiplier = 1.2
sky = SubResource("Sky_0xm2m")
glow_enabled = true

[node name="Main" type="Node3D" unique_id=486481499]

[node name="Env" type="WorldEnvironment" parent="." unique_id=140463058]
environment = SubResource("Environment_h2yge")

[node name="Light" type="DirectionalLight3D" parent="." unique_id=1811788517]
transform = Transform3D(-0.8660254, -0.43301278, 0.25, 0, 0.49999997, 0.86602545, -0.50000006, 0.75, -0.43301266, 0, 0, 0)
light_color = Color(1, 0.99607843, 0.80784315, 1)
light_energy = 0.1
light_bake_mode = 0
shadow_enabled = true

[node name="KontoretModell" parent="." unique_id=1047150760 instance=ExtResource("1_ig7tw")]
transform = Transform3D(1, 0, 0, 0, 1, 0, 0, 0, 1, 66, -31, -12)

[node name="Player" parent="." unique_id=1921766831 instance=ExtResource("2_0xm2m")]
transform = Transform3D(-0.6080827, 0, 0.79387355, 0, 1, 0, -0.79387355, 0, -0.6080827, 0, -1.4799048, 0)
script = ExtResource("4_lquwl")
acceleration_force = 1000.0
max_speed = 9.0
linear_damp_value = 6.0

[node name="Pingvin" type="Node3D" parent="Player" unique_id=1190347168]

[node name="PingvinModel" parent="Player/Pingvin" unique_id=1178599002 instance=ExtResource("3_h2yge")]
transform = Transform3D(1.1924881e-08, 0, -1, 0, 1, 0, 1, 0, 1.1924881e-08, -0.15042901, -0.83170784, 0.0024947822)

[node name="CameraPivot" type="Node3D" parent="Player" unique_id=1833100815 node_paths=PackedStringArray("target")]
transform = Transform3D(1, 0, 0, 0, 1, 0, 0, 0, 1, 0, 1.5, 0)
script = ExtResource("2_1bvp3")
target = NodePath("..")

[node name="Camera3D" type="Camera3D" parent="Player/CameraPivot" unique_id=306762864]
transform = Transform3D(1.0000001, 0, 0, 0, 0.3953372, 0.91853607, 0, -0.9185362, 0.39533725, 0, 9.340488, 4.779622)
fov = 90.0
